[gd_scene load_steps=15 format=3 uid="uid://bbjo2c4ecg7x2"]

[ext_resource type="PackedScene" uid="uid://diwo3ru0y8t16" path="res://objects/Player.tscn" id="1_rxttl"]
[ext_resource type="PackedScene" uid="uid://cp4clk53ss4n7" path="res://objects/UI.tscn" id="2_cn7xk"]
[ext_resource type="PackedScene" path="res://objects/CubeCyan.tscn" id="4_6krqk"]
[ext_resource type="PackedScene" path="res://objects/CubeFuchsia.tscn" id="5_o8c26"]
[ext_resource type="Texture2D" uid="uid://bq128r31mhsnh" path="res://assets/textures/testscene/tile.png" id="6_bbxef"]
[ext_resource type="PackedScene" uid="uid://ddl7ge1vp1vib" path="res://objects/Angel.tscn" id="7_ug0k4"]

[sub_resource type="ProceduralSkyMaterial" id="ProceduralSkyMaterial_ljxsp"]
sky_top_color = Color(0.054902, 0.0666667, 0.152941, 1)
sky_horizon_color = Color(0.137255, 0.176471, 0.282353, 1)
ground_bottom_color = Color(0.0666667, 0.0823529, 0.113725, 1)
ground_horizon_color = Color(0.137255, 0.152941, 0.25098, 1)
sun_angle_max = 28.42
sun_curve = 0.252269

[sub_resource type="Sky" id="Sky_eug2l"]
sky_material = SubResource("ProceduralSkyMaterial_ljxsp")

[sub_resource type="Environment" id="Environment_m8dpp"]
background_mode = 2
sky = SubResource("Sky_eug2l")
tonemap_mode = 2
glow_enabled = true
glow_levels/3 = 5.76
glow_levels/4 = 2.29
glow_levels/5 = 0.0
glow_bloom = 0.25
volumetric_fog_enabled = true
volumetric_fog_density = 0.04
volumetric_fog_albedo = Color(0.776471, 0.717647, 1, 1)

[sub_resource type="BoxMesh" id="BoxMesh_vana5"]

[sub_resource type="BoxShape3D" id="BoxShape3D_enj52"]

[sub_resource type="ORMMaterial3D" id="ORMMaterial3D_shre6"]
albedo_texture = ExtResource("6_bbxef")
uv1_scale = Vector3(10, 10, 10)
uv1_triplanar = true
texture_filter = 0

[sub_resource type="PlaneMesh" id="PlaneMesh_dmcav"]
material = SubResource("ORMMaterial3D_shre6")

[sub_resource type="ConcavePolygonShape3D" id="ConcavePolygonShape3D_tcrl1"]
data = PackedVector3Array(1, 0, 1, -1, 0, 1, 1, 0, -1, -1, 0, 1, -1, 0, -1, 1, 0, -1)

[node name="TestScene" type="Node3D"]

[node name="Player" parent="." instance=ExtResource("1_rxttl")]
transform = Transform3D(1, 0, 0, 0, 1, 0, 0, 0, 1, -5.83682, 1.871, 1.42579)
max_look_up_angle = 80.0
max_look_down_angle = 60.0

[node name="WorldEnvironment" type="WorldEnvironment" parent="."]
environment = SubResource("Environment_m8dpp")

[node name="DirectionalLight3D" type="DirectionalLight3D" parent="."]
transform = Transform3D(0.435594, -0.835723, 0.334402, -0.319649, 0.203673, 0.925388, -0.841476, -0.509985, -0.178419, 0, 4.0234, 7.51095)
shadow_enabled = true
sky_mode = 2

[node name="CanvasLayer" type="CanvasLayer" parent="."]

[node name="UI" parent="CanvasLayer" instance=ExtResource("2_cn7xk")]

[node name="FallingCube" type="RigidBody3D" parent="."]
transform = Transform3D(0.843234, -0.383608, 0.376566, 0.437943, 0.89647, -0.0674403, -0.311709, 0.221783, 0.923932, 0, 5.73853, -3.86405)
mass = 0.07
can_sleep = false

[node name="MeshInstance3D2" type="MeshInstance3D" parent="FallingCube"]
transform = Transform3D(0.999994, 0.000710107, 0.00332251, -0.000717774, 0.999997, 0.00232741, -0.0033209, -0.0023298, 0.999991, 0, 0, 0)
mesh = SubResource("BoxMesh_vana5")
skeleton = NodePath("../..")

[node name="CollisionShape3D" type="CollisionShape3D" parent="FallingCube"]
shape = SubResource("BoxShape3D_enj52")

[node name="Cubes" type="Node3D" parent="."]

[node name="Cube" parent="Cubes" instance=ExtResource("4_6krqk")]

[node name="Cube4" parent="Cubes" instance=ExtResource("4_6krqk")]
transform = Transform3D(1.73716, -0.453728, 2.40487, 0.206457, 1.90476, 1.56607, -0.969349, -0.407435, 4.6433, 8.96765, 3.89673, 0.908077)

[node name="Cube5" parent="Cubes" instance=ExtResource("4_6krqk")]
transform = Transform3D(1.14582, -1.01802, -3.50663, 0.206457, 1.64471, -3.05425, 1.62618, 0.508492, 2.85856, 13.3192, 6.67958, 2.80482)

[node name="Cube2" parent="Cubes" instance=ExtResource("5_o8c26")]

[node name="Cube3" parent="Cubes" instance=ExtResource("5_o8c26")]
transform = Transform3D(2, 0, 0, 0, 2, 0, 0, 0, 2, 4.78973, 2.18738, -3.7829)

[node name="Cube6" parent="Cubes" instance=ExtResource("5_o8c26")]
transform = Transform3D(4.01125, 0, 0, 0, 4.01125, 0, 0, 0, 4.01125, 18.1282, 7.55544, -2.55344)

[node name="mesh" parent="Cubes/Cube6" index="0"]
skeleton = NodePath("../../..")

[node name="OmniLight3D" parent="Cubes/Cube6" index="2"]
light_energy = 1.681
light_size = 1.0
omni_range = 10.0

[node name="Plane" type="StaticBody3D" parent="."]
transform = Transform3D(20, 0, 0, 0, 20, 0, 0, 0, 20, 0, 0, 0)

[node name="Plane" type="MeshInstance3D" parent="Plane"]
mesh = SubResource("PlaneMesh_dmcav")
skeleton = NodePath("../..")

[node name="CollisionShape3D" type="CollisionShape3D" parent="Plane"]
shape = SubResource("ConcavePolygonShape3D_tcrl1")

[node name="Angel" parent="." instance=ExtResource("7_ug0k4")]
transform = Transform3D(-0.866025, 0, -0.5, 0, 1, 0, 0.5, 0, -0.866025, -0.286552, 2.39264, -12.8215)

[editable path="Cubes/Cube6"]
